0
13.361872281440988 12.217432048342575 0.0 0.0
7.939323783154562 15.93209330601294 0.0 0.0
18.13415952798192 19.458866261519567 0.0 0.0
9.502880082991563 17.679122797263773 0.0 0.0
2.215074023902325 5.6131778439586775 0.0 0.0
1.5188949459468226 6.2949421198704325 0.0 0.0
9.566558264689798 10.844368453829487 0.0 0.0
9.105484682738167 5.28710764748556 0.0 0.0
19.207641393385998 16.936636920170123 0.0 0.0
13.45981628831753 7.080578078176931 0.0 0.0
4.942838114935133 21.70328703437749 0.0 0.0
18.18296026121414 15.802893301447893 0.0 0.0
6.013976391845254 13.755473173639574 0.0 0.0
8.996645411818337 9.864511564341086 0.0 0.0
12.80507762656612 8.794080544075694 0.0 0.0
0.8016331970273243 9.439768700511602 0.0 0.0
15.952346187932886 14.346810374036238 0.0 0.0
8.012656520190912 11.372204141645735 0.0 0.0
19.31944903497759 7.036635854717963 0.0 0.0
19.515150040843736 14.033970708038801 0.0 0.0
2.8559726022333844 12.743300702857157 0.0 0.0
9.477270773091188 21.320264992145045 0.0 0.0
3.9937033148898555 7.203084201809237 0.0 0.0
12.810535839350095 5.2794681452583925 0.0 0.0
5.996336028926908 23.120996054021592 0.0 0.0
8.987934177892868 20.406829160715148 0.0 0.0
15.574082057963066 9.97180506834321 0.0 0.0
8.924463778575497 17.9685278780232 0.0 0.0
10.817057566764232 5.49396238617604 0.0 0.0
12.029835592218312 23.457134207431764 0.0 0.0
11.084935074754757 23.36285760488806 0.0 0.0
18.507711896652356 18.369709831892273 0.0 0.0
1.3941281208431344 21.52163145551732 0.0 0.0
16.627088910690716 8.250558406157463 0.0 0.0
0.3787023158427667 23.35740420228867 0.0 0.0
18.417927185497504 6.398057141110992 0.0 0.0
15.06384050220175 14.820695538754881 0.0 0.0
14.518600230803182 10.313658612210029 0.0 0.0
11.153899584998284 20.08682299652579 0.0 0.0
12.053099180490756 24.45156979411773 0.0 0.0
9.632010803998654 7.348807581474482 0.0 0.0
10.31271567467187 21.469543218224374 0.0 0.0
17.813208541087928 22.50827637582233 0.0 0.0
17.92648569173047 21.34062321157068 0.0 0.0
17.918075869463067 23.72355775716709 0.0 0.0
8.076130358194561 7.568058942461743 0.0 0.0
4.906211911650101 17.20941859758323 0.0 0.0
9.67374905900214 8.937744567140536 0.0 0.0
6.103244614880804 6.955824521506629 0.0 0.0
11.429008085257886 14.547379892642487 0.0 0.0
2.1293581723575494 22.780861079915482 0.0 0.0
1.3124095156209172 23.693506954444253 0.0 0.0
14.166775252436707 20.57187968621477 0.0 0.0
1.8996209368024242 9.622956926642695 0.0 0.0
14.76034381434435 19.357106283734538 0.0 0.0
5.987565329059623 22.39889853557697 0.0 0.0
17.335616292008233 16.969544011689106 0.0 0.0
12.811371570965344 17.439379435930924 0.0 0.0
7.11997579110097 18.79474093766216 0.0 0.0
12.52872336313897 10.574736044669413 0.0 0.0
18.05197124059714 9.770786960429012 0.0 0.0
3.1609099052990173 23.156910964290816 0.0 0.0
18.740633143559357 15.554791958357708 0.0 0.0
15.80627361279936 12.568383350109313 0.0 0.0
1.3729580172517502 20.555655169129132 0.0 0.0
11.690300765657904 19.765439272869884 0.0 0.0
15.450021282803014 13.498712672369175 0.0 0.0
11.810505679146887 6.545640350538446 0.0 0.0
11.780423444143812 15.611187931296373 0.0 0.0
8.388995255789862 12.861797952597056 0.0 0.0
6.344462678324932 20.224540518139612 0.0 0.0
7.24607895288799 15.408384513738524 0.0 0.0
9.385552390556581 16.622387163725257 0.0 0.0
7.148598655703788 24.207825139543047 0.0 0.0
8.395751257126532 15.207017129002994 0.0 0.0
12.936043828887948 23.116360074642966 0.0 0.0
13.248429605797247 24.38032217079096 0.0 0.0
3.0551573196146506 20.407786951403157 0.0 0.0
5.63743799877724 19.025031118690386 0.0 0.0
13.840201114793967 24.8188494384272 0.0 0.0
1.3588272145195297 19.48808855106456 0.0 0.0
12.357580628321873 18.129320101286936 0.0 0.0
9.991737263823913 8.047745125392975 0.0 0.0
1.1992654806157208 24.66347804035723 0.0 0.0
1.5458666569802642 17.61363133089347 0.0 0.0
7.939202319372912 10.358926095041204 0.0 0.0
17.78463049992908 24.29158883325355 0.0 0.0
18.01115092244099 5.52035945851009 0.0 0.0
18.238470660389254 23.086763706577962 0.0 0.0
11.7201940105379 16.64905208208755 0.0 0.0
10.877781174250309 7.298295521439854 0.0 0.0
6.875568226577261 14.459800248518789 0.0 0.0
9.122906329926366 14.952951568336212 0.0 0.0
17.240280195211437 23.097079970670894 0.0 0.0
4.009806915285821 20.59313564819088 0.0 0.0
9.13333928770664 15.859776087273785 0.0 0.0
3.7701572272102264 10.845521660538289 0.0 0.0
18.9577141109024 11.185266008440086 0.0 0.0
4.849122847229072 16.18778281821683 0.0 0.0
7.253173375030093 12.888252851323582 0.0 0.0
