100
25.0
0.3266471889405712 1.0 80.0
0.3498144233031575 1.0 80.0
0.3170022439672193 1.0 80.0
0.3266079079836716 1.0 80.0
0.25059964675724294 1.0 80.0
0.30500972103471985 1.0 80.0
0.2588701841167518 1.0 80.0
0.27874231339057876 1.0 80.0
0.30303899106153165 1.0 80.0
0.33396348807113474 1.0 80.0
0.27724750617569915 1.0 80.0
0.25730493659355486 1.0 80.0
0.28028474531968445 1.0 80.0
0.3472258265158168 1.0 80.0
0.2563201384846625 1.0 80.0
0.32382710320017394 1.0 80.0
0.3177440656558571 1.0 80.0
0.31509411754889727 1.0 80.0
0.28395019754085876 1.0 80.0
0.3374435044096231 1.0 80.0
0.325295756329716 1.0 80.0
0.3347610072787446 1.0 80.0
0.3197744901004439 1.0 80.0
0.3062092113524462 1.0 80.0
0.265917780827855 1.0 80.0
0.34139940031290283 1.0 80.0
0.25544945809338715 1.0 80.0
0.30856374598894803 1.0 80.0
0.27616974097952135 1.0 80.0
0.262699222269818 1.0 80.0
0.2739058842174951 1.0 80.0
0.2759120306809796 1.0 80.0
0.26317689878263584 1.0 80.0
0.2500621607592144 1.0 80.0
0.3020744783319194 1.0 80.0
0.2750459813867961 1.0 80.0
0.27692254851957304 1.0 80.0
0.30647695758915505 1.0 80.0
0.3172660258582275 1.0 80.0
0.2800093992248275 1.0 80.0
0.3489405913687944 1.0 80.0
0.2710392148703869 1.0 80.0
0.31123750463047417 1.0 80.0
0.27701273386591796 1.0 80.0
0.308910462152561 1.0 80.0
0.3131461538881694 1.0 80.0
0.3379481471298183 1.0 80.0
0.3031331936512713 1.0 80.0
0.33919159103230967 1.0 80.0
0.3355880896798479 1.0 80.0
0.27110719544172696 1.0 80.0
0.27978957341591726 1.0 80.0
0.3039947989066891 1.0 80.0
0.28507485421616996 1.0 80.0
0.2758376329609103 1.0 80.0
0.26536009599765553 1.0 80.0
0.29467317960367345 1.0 80.0
0.321176777027071 1.0 80.0
0.2551279149547353 1.0 80.0
0.31781544133322076 1.0 80.0
0.265525148960278 1.0 80.0
0.30022623026742384 1.0 80.0
0.2662163779480313 1.0 80.0
0.3278681064676427 1.0 80.0
0.2955375538000144 1.0 80.0
0.28941718644668674 1.0 80.0
0.31465057657023154 1.0 80.0
0.2558930354887776 1.0 80.0
0.30065680615169255 1.0 80.0
0.33815660362931704 1.0 80.0
0.32448656658232905 1.0 80.0
0.28175348714846493 1.0 80.0
0.33846125421800677 1.0 80.0
0.2986628923717455 1.0 80.0
0.2519407279052828 1.0 80.0
0.25566993314069325 1.0 80.0
0.2925180788718221 1.0 80.0
0.30587308943558955 1.0 80.0
0.2567794249584787 1.0 80.0
0.3203987056592254 1.0 80.0
0.2972432406577558 1.0 80.0
0.297911817397477 1.0 80.0
0.27082941741980493 1.0 80.0
0.2602410406046812 1.0 80.0
0.265743063620512 1.0 80.0
0.28269146784940863 1.0 80.0
0.30621462953083584 1.0 80.0
0.3207820419901434 1.0 80.0
0.31290128937757916 1.0 80.0
0.3336544743529099 1.0 80.0
0.32727252767120596 1.0 80.0
0.334763008641576 1.0 80.0
0.3238855339163298 1.0 80.0
0.32823495324856533 1.0 80.0
0.26957597540793143 1.0 80.0
0.28411947448145325 1.0 80.0
0.3042822675527272 1.0 80.0
0.32630838732001105 1.0 80.0
0.32708418159981334 1.0 80.0
0.32597122895182373 1.0 80.0
